sex mar 20 12:35:27 -03 2020
Sample data file lininput_xeon64.

Current date/time: Fri Mar 20 12:35:27 2020

CPU frequency:    3.885 GHz
Number of CPUs: 1
Number of cores: 4
Number of threads: 4

Parameters are set to:

Number of tests: 15
Number of equations to solve (problem size) : 1000  2000  5000  10000 15000 18000 20000 22000 25000 26000 27000 30000 35000 40000 45000
Leading dimension of array                  : 1000  2000  5008  10000 15000 18008 20016 22008 25000 26000 27000 30000 35000 40000 45000
Number of trials to run                     : 4     2     2     2     2     2     2     2     2     2     1     1     1     1     1    
Data alignment value (in Kbytes)            : 4     4     4     4     4     4     4     4     4     4     4     1     1     1     1    

Maximum memory requested that can be used=7200601024, at the size=30000

=================== Timing linear equation system solver ===================

Size   LDA    Align. Time(s)    GFlops   Residual     Residual(norm) Check
1000   1000   4      0.010      63.7248  1.502479e-12 5.123838e-02   pass
1000   1000   4      0.009      78.3340  1.502479e-12 5.123838e-02   pass
1000   1000   4      0.008      85.2770  1.502479e-12 5.123838e-02   pass
1000   1000   4      0.008      84.2144  1.502479e-12 5.123838e-02   pass
2000   2000   4      0.057      94.2700  5.141276e-12 4.472280e-02   pass
2000   2000   4      0.058      92.7057  5.141276e-12 4.472280e-02   pass
5000   5008   4      0.693      120.2633 2.567213e-11 3.579772e-02   pass
5000   5008   4      0.692      120.4340 2.567213e-11 3.579772e-02   pass
10000  10000  4      4.986      133.7509 1.034086e-10 3.646293e-02   pass
10000  10000  4      4.987      133.7110 1.034086e-10 3.646293e-02   pass
15000  15000  4      20.976     107.2856 2.206862e-10 3.475844e-02   pass
15000  15000  4      21.763     103.4085 2.206862e-10 3.475844e-02   pass
18000  18008  4      37.555     103.5442 2.839891e-10 3.110030e-02   pass
18000  18008  4      36.975     105.1708 2.839891e-10 3.110030e-02   pass
20000  20016  4      50.566     105.4879 3.839458e-10 3.398761e-02   pass
20000  20016  4      50.458     105.7147 3.839458e-10 3.398761e-02   pass
22000  22008  4      67.099     105.8085 4.191068e-10 3.069793e-02   pass
22000  22008  4      68.063     104.3099 4.191068e-10 3.069793e-02   pass
25000  25000  4      97.689     106.6433 5.526876e-10 3.142937e-02   pass
25000  25000  4      97.835     106.4841 5.526876e-10 3.142937e-02   pass
26000  26000  4      109.928    106.6037 6.643859e-10 3.493541e-02   pass
26000  26000  4      109.921    106.6098 6.643859e-10 3.493541e-02   pass
27000  27000  4      123.200    106.5215 6.191166e-10 3.019127e-02   pass
30000  30000  1      170.655    105.4868 8.044883e-10 3.171301e-02   pass

Performance Summary (GFlops)

Size   LDA    Align.  Average  Maximal
1000   1000   4       77.8875  85.2770 
2000   2000   4       93.4879  94.2700 
5000   5008   4       120.3487 120.4340
10000  10000  4       133.7310 133.7509
15000  15000  4       105.3471 107.2856
18000  18008  4       104.3575 105.1708
20000  20016  4       105.6013 105.7147
22000  22008  4       105.0592 105.8085
25000  25000  4       106.5637 106.6433
26000  26000  4       106.6068 106.6098
27000  27000  4       106.5215 106.5215
30000  30000  1       105.4868 105.4868

Residual checks PASSED

End of tests

Done: sex mar 20 12:55:32 -03 2020
